0.000000000000000000e+00
0.000000000000000000e+00
0.000000000000000000e+00
0.000000000000000000e+00
0.000000000000000000e+00
0.000000000000000000e+00
0.000000000000000000e+00
0.000000000000000000e+00
0.000000000000000000e+00
5.074062742354712677e-262
1.113215063552189830e-212
2.756138295752785424e-174
4.702937799571801424e-144
5.441154259909125739e-120
1.196703715231538899e-100
5.831228598812722795e-85
3.933854043350902593e-72
1.465602506664873013e-61
8.669046916587767023e-53
1.837685913215305156e-45
2.630762044709098114e-39
4.182203448233357452e-34
1.094411532641068138e-29
6.452253808711082481e-26
1.102697831935205579e-22
6.697371401544258688e-20
1.706238709483175316e-17
2.088181606355412179e-15
1.372655756938462064e-13
5.315163084487135889e-12
1.309083919815226391e-10
2.186543067762097187e-09
2.613667090282159946e-08
2.339535609854818031e-07
1.629487981320947716e-06
9.123476158273653575e-06
4.221976963500485971e-05
1.653611998351678814e-04
5.594591358496625718e-04
1.663968944731863964e-03
4.417236115259391173e-03
1.060451228273751913e-02
2.328750559681089585e-02
4.724613053482486225e-02
8.932906096985102073e-02
1.586009120025355101e-01
2.661977243010983374e-01
4.248538913846598430e-01
6.481279358604342677e-01
9.494134690055461290e-01
1.340860561736585632e+00
1.832344488402189553e+00
2.430604418933462352e+00
3.138641193036154853e+00
3.955420578548864530e+00
4.875885791791329638e+00
5.891247557815420421e+00
6.989495474960300214e+00
8.156061833875634548e+00
9.374567056996536252e+00
1.062758205486031926e+01
1.189735411404549126e+01
1.316645670245307720e+01
1.441833760193459568e+01
1.563775252057141785e+01
1.681108190184035678e+01
1.792653667039209608e+01
1.897426415686594936e+01
1.994636869717279382e+01
2.083686280426234561e+01
2.164156480214571587e+01
2.235795781328343068e+01
2.298502336804823898e+01
2.352306095624158289e+01
2.397350279133002360e+01
2.433873106792720620e+01
2.462190316570934101e+01
2.482678864726747037e+01
2.495762053850775075e+01
2.501896226937819634e+01
2.501559077547778287e+01
2.495239559372886262e+01
2.483429329946368114e+01
2.466615629851442293e+01
2.445275477779194162e+01
2.419871050539795831e+01
2.390846113367495818e+01
2.358623367627744472e+01
2.323602588720267903e+01
2.286159435270531759e+01
2.246644820586110924e+01
2.205384748034681408e+01
2.162680522888252455e+01
2.118809263849465552e+01
2.074024647638322705e+01
2.028557829482982200e+01
1.982618491017558782e+01
1.936395974893942196e+01
1.890060472357986754e+01
1.843764236147796254e+01
1.797642796388664976e+01
1.751816161743467148e+01
1.706389991993720656e+01
1.661456731542550003e+01
1.617096696113107512e+01
1.573379107228975116e+01
1.530363070966829042e+01
1.488098499021823251e+01
1.446626971373039439e+01
1.405982540825185012e+01
1.366192480473539206e+01
1.327277975727136905e+01
1.289254762961064138e+01
1.252133717179051509e+01
1.215921391275073304e+01
1.180620509606920621e+01
1.146230418652175942e+01
1.112747497521631779e+01
1.080165531068601403e+01
1.048476048264547700e+01
1.017668628419906263e+01
9.877311777206445598e+00
9.586501784312616792e+00
9.304109129879293505e+00
9.029976650748437805e+00
8.763938996452566244e+00
8.505824237182828540e+00
8.255455296550405109e+00
8.012651224941926387e+00
7.777228328084290432e+00
7.549001164304263156e+00
7.327783422897791610e+00
7.113388695014871033e+00
6.905631147518934476e+00
6.704326109394767919e+00
6.509290579454494186e+00
6.320343663325674655e+00
6.137306946996525348e+00
5.960004813538247959e+00
5.788264709020713994e+00
5.621917363082119756e+00
5.460796969103255627e+00
5.304741328469247286e+00
5.153591962973606222e+00
5.007194199028045745e+00
4.865397226984329748e+00
4.728054138548679397e+00
4.595021944972624617e+00
4.466161578434329371e+00
4.341337878779169657e+00
4.220419567565619978e+00
4.103279211160583806e+00
3.989793174445190882e+00
3.879841566526359475e+00
3.773308179699499387e+00
3.670080422772099116e+00
3.570049249735596675e+00
3.473109084662414414e+00
3.379157743605402331e+00
3.288096354187208359e+00
3.199829273486266334e+00
3.114264004753460657e+00
3.031311113428192261e+00
2.950884142863969384e+00
2.872899530121070466e+00
2.797276522136698418e+00
2.723937092540904104e+00
2.652805859348847939e+00
2.583810003726309201e+00
2.516879189995343324e+00
2.451945487020239067e+00
2.388943291090196652e+00
2.327809250393973350e+00
2.268482191163121886e+00
2.210903045543844314e+00
2.155014781242925004e+00
2.100762332980320224e+00
2.048092535769725053e+00
1.996954060038525158e+00
1.947297348589940968e+00
1.899074555402661346e+00
1.852239486256772372e+00
1.806747541169212878e+00
1.762555658617191323e+00
1.719622261523933604e+00
1.677907204977708178e+00
1.637371725652216892e+00
1.597978392894058963e+00
1.559691061441104587e+00
1.522474825734061232e+00
1.486295975782371270e+00
1.451121954544716486e+00
1.416921316783808837e+00
1.383663689354799997e+00
1.351319732886495650e+00
1.319861104814593844e+00
1.289260423726352078e+00
1.259491234976419127e+00
1.230527977533999229e+00
1.202345952022062292e+00
1.174921289909923505e+00
1.148230923821219829e+00
1.122252558920040499e+00
1.096964645338787125e+00
1.072346351612147419e+00
1.048377539082443466e+00
1.025038737242496056e+00
1.002311119983042120e+00
9.801764827126570045e-01
9.586172203190410634e-01
9.376163059414510670e-01
9.171572705249639856e-01
8.972241831281678737e-01
8.778016319567730763e-01
8.588747060965145064e-01
8.404289779195985854e-01
8.224504861397936573e-01
8.049257194921092262e-01
7.878416010138314940e-01
7.711854729044794743e-01
7.549450819430416626e-01
7.391085654416054140e-01
7.236644377152456897e-01
7.086015770487577026e-01
6.939092131415202092e-01
6.795769150124651992e-01
6.655945793477826555e-01
6.519524192746376512e-01
6.386409535447920005e-01
6.256509961126293096e-01
6.129736460926551445e-01
6.006002780821159126e-01
5.885225328349106277e-01
5.767323082735044126e-01
5.652217508260475309e-01
5.539832470764034511e-01
5.430094157152428602e-01
5.322930997808318354e-01
5.218273591785651533e-01
5.116054634687222658e-01
5.016208849123298119e-01
4.918672917653990062e-01
4.823385418121867718e-01
4.730286761284900332e-01
4.639319130663268065e-01
4.550426424516946788e-01
4.463554199874212869e-01
4.378649618534237731e-01
4.295661394969995661e-01
4.214539746060503855e-01
4.135236342584200364e-01
4.057704262407889062e-01
3.981897945308224274e-01
3.907773149365155740e-01
3.835286908869064981e-01
3.764397493685641694e-01
3.695064370024633282e-01
3.627248162560742228e-01
3.560910617856914429e-01
3.496014569042180109e-01
3.432523901698058544e-01
3.370403520909317496e-01
3.309619319436545304e-01
3.250138146969671071e-01
3.191927780423090000e-01
3.134956895234612406e-01
3.079195037631836662e-01
3.024612597830994565e-01
2.971180784134623831e-01
2.918871597895694170e-01
2.867657809317084028e-01
2.817512934056439211e-01
2.768411210607621964e-01
2.720327578431023241e-01
2.673237656806067286e-01
2.627117724380269026e-01
2.581944699390111286e-01
2.537696120530005817e-01
2.494350128446452541e-01
2.451885447835391862e-01
2.410281370121540867e-01
2.369517736699330301e-01
2.329574922715798024e-01
2.290433821376525181e-01
2.252075828756422704e-01
2.214482829097818017e-01
2.177637180578982368e-01
2.141521701536825417e-01
2.106119657128097677e-01
2.071414746414030617e-01
2.037391089853869686e-01
2.004033217193316174e-01
1.971326055734379246e-01
1.939254918973662700e-01
1.907805495596544276e-01
1.876963838815205454e-01
1.846716356038860807e-01
1.817049798865001120e-01
1.787951253380832550e-01
1.759408130764502365e-01
1.731408158176077072e-01
1.703939369928584302e-01
1.676990098929798112e-01
1.650548968385754378e-01
1.624604883757329865e-01
1.599147024961500296e-01
1.574164838809228029e-01
1.549648031672159199e-01
1.525586562370646881e-01
1.501970635275831634e-01
1.478790693618803609e-01
1.456037413000080827e-01
1.433701695092906014e-01
1.411774661534068442e-01
1.390247647996191716e-01
1.369112198435628036e-01
1.348360059510308462e-01
1.327983175162094631e-01
1.307973681358363394e-01
1.288323900987734805e-01
1.269026338905037410e-01
1.250073677120764337e-01
1.231458770130435115e-01
1.213174640379449110e-01
1.195214473859142756e-01
1.177571615829933749e-01
1.160239566667555094e-01
1.143211977828528375e-01
1.126482647931149744e-01
1.110045518948391541e-01
1.093894672509240912e-01
1.078024326305111469e-01
1.062428830598081408e-01
1.047102664827815888e-01
1.032040434314136085e-01
1.017236867052299654e-01
1.002686810598153594e-01
9.883852290404174235e-02
9.743272000574323966e-02
9.605079120558254746e-02
9.469226613885876886e-02
9.335668496501767222e-02
9.204359810463152991e-02
9.075256598362373139e-02
8.948315878452092753e-02
8.823495620452187493e-02
8.700754722017987886e-02
8.580052985850103453e-02
8.461351097426833556e-02
8.344610603340621435e-02
8.229793890220771235e-02
8.116864164225034983e-02
8.005785431083393966e-02
7.896522476677791946e-02
7.789040848142110562e-02
7.683306835467203222e-02
7.579287453596246504e-02
7.476950424996167688e-02
7.376264162691312243e-02
7.277197753746005027e-02
7.179720943183011406e-02
7.083804118325363885e-02
6.989418293549393146e-02
6.896535095437160423e-02
6.805126748316882301e-02
6.715166060180277618e-02
6.626626408966108939e-02
6.539481729199513038e-02
6.453706498977083983e-02
6.369275727287844469e-02
6.286164941660794814e-02
6.204350176129679734e-02
6.123807959506206988e-02
6.044515303953004737e-02
5.966449693848002722e-02
5.889589074932094492e-02
5.813911843732186974e-02
5.739396837252063593e-02
5.666023322923571803e-02
5.593770988811046230e-02
5.522619934061894637e-02
5.452550659596683280e-02
5.383544059032079054e-02
5.315581409830333337e-02
5.248644364669115270e-02
5.182714943025688165e-02
5.117775522969621183e-02
5.053808833158393576e-02
4.990797945030388955e-02
4.928726265189984496e-02
4.867577527979550372e-02
4.807335788233346036e-02
4.747985414208445026e-02
4.689511080687978201e-02
4.631897762252060874e-02
4.575130726711990059e-02
4.519195528703352782e-02
4.464078003433852998e-02
4.409764260581763157e-02
4.356240678341035538e-02
4.303493897609218105e-02
4.251510816314440361e-02
4.200278583877786742e-02
4.149784595807602672e-02
4.100016488422211086e-02
4.050962133697749018e-02
4.002609634237879604e-02
3.954947318362205672e-02
3.907963735310333864e-02
3.861647650558607675e-02
3.815988041246618639e-02
3.770974091710661835e-02
3.726595189121424678e-02
3.682840919223231979e-02
3.639701062172257667e-02
3.597165588471203101e-02
3.555224654997977962e-02
3.513868601126019647e-02
3.473087944933923865e-02
3.432873379502145855e-02
3.393215769294580242e-02
3.354106146622891360e-02
3.315535708191517938e-02
3.277495811721344715e-02
3.239977972650076588e-02
3.202973860907402937e-02
3.166475297763110541e-02
3.130474252746321545e-02
3.094962840634112727e-02
3.059933318507798358e-02
3.025378082875217201e-02
2.991289666857393365e-02
2.957660737438013929e-02
2.924484092774158606e-02
2.891752659566825326e-02
2.859459490489757796e-02
2.827597761675184479e-02
2.796160770255082251e-02
2.765141931956625193e-02
2.734534778750498385e-02
2.704332956550824923e-02
2.674530222965444681e-02
2.645120445095354780e-02
2.616097597382121762e-02
2.587455759502129207e-02
2.559189114306540530e-02
2.531291945805891341e-02
2.503758637198253562e-02
2.476583668939932870e-02
2.449761616857706881e-02
2.423287150301612486e-02
2.397155030337334153e-02
2.371360107977261295e-02
2.345897322449310915e-02
2.320761699502630823e-02
2.295948349749321951e-02
2.271452467041337742e-02
2.247269326881757429e-02
2.223394284869611645e-02
2.199822775177510958e-02
2.176550309061293237e-02
2.153572473400977225e-02
2.130884929272280209e-02
2.108483410548009362e-02
2.086363722528646047e-02
2.064521740601440655e-02
2.042953408927382017e-02
2.021654739155404751e-02
2.000621809163200676e-02
1.979850761824054547e-02
1.959337803799093142e-02
1.939079204354387034e-02
1.919071294202340933e-02
1.899310464366823353e-02
1.879793165071507247e-02
1.860515904650898028e-02
1.841475248483542132e-02
1.822667817946920996e-02
1.804090289393550997e-02
1.785739393147808135e-02
1.767611912523030931e-02
1.749704682858442203e-02
1.732014590575452553e-02
1.714538572252925427e-02
1.697273613720976307e-02
1.680216749172908780e-02
1.663365060294877754e-02
1.646715675412905450e-02
1.630265768656859529e-02
1.614012559141031131e-02
